(kicad_pcb (version 20171130) (host pcbnew "(5.1.4)-1")

  (general
    (thickness 1.6)
    (drawings 9)
    (tracks 6)
    (zones 0)
    (modules 15)
    (nets 6)
  )

  (page A4)
  (layers
    (0 F.Cu signal)
    (31 B.Cu signal)
    (32 B.Adhes user)
    (33 F.Adhes user)
    (34 B.Paste user)
    (35 F.Paste user)
    (36 B.SilkS user)
    (37 F.SilkS user)
    (38 B.Mask user)
    (39 F.Mask user)
    (40 Dwgs.User user)
    (41 Cmts.User user)
    (42 Eco1.User user)
    (43 Eco2.User user)
    (44 Edge.Cuts user)
    (45 Margin user)
    (46 B.CrtYd user)
    (47 F.CrtYd user)
    (48 B.Fab user)
    (49 F.Fab user)
  )

  (setup
    (last_trace_width 0.25)
    (trace_clearance 0.2)
    (zone_clearance 0.3)
    (zone_45_only no)
    (trace_min 0.2)
    (via_size 0.8)
    (via_drill 0.4)
    (via_min_size 0.4)
    (via_min_drill 0.3)
    (uvia_size 0.3)
    (uvia_drill 0.1)
    (uvias_allowed no)
    (uvia_min_size 0.2)
    (uvia_min_drill 0.1)
    (edge_width 0.05)
    (segment_width 0.2)
    (pcb_text_width 0.3)
    (pcb_text_size 1.5 1.5)
    (mod_edge_width 0.12)
    (mod_text_size 1 1)
    (mod_text_width 0.15)
    (pad_size 3.2 3.2)
    (pad_drill 3.2)
    (pad_to_mask_clearance 0.051)
    (solder_mask_min_width 0.25)
    (aux_axis_origin 0 0)
    (visible_elements 7FFFFFFF)
    (pcbplotparams
      (layerselection 0x010fc_ffffffff)
      (usegerberextensions false)
      (usegerberattributes false)
      (usegerberadvancedattributes false)
      (creategerberjobfile false)
      (excludeedgelayer true)
      (linewidth 0.100000)
      (plotframeref false)
      (viasonmask false)
      (mode 1)
      (useauxorigin false)
      (hpglpennumber 1)
      (hpglpenspeed 20)
      (hpglpendiameter 15.000000)
      (psnegative false)
      (psa4output false)
      (plotreference true)
      (plotvalue true)
      (plotinvisibletext false)
      (padsonsilk false)
      (subtractmaskfromsilk false)
      (outputformat 1)
      (mirror false)
      (drillshape 1)
      (scaleselection 1)
      (outputdirectory ""))
  )

  (net 0 "")
  (net 1 "Net-(C1-Pad1)")
  (net 2 GND)
  (net 3 "Net-(C2-Pad1)")
  (net 4 "Net-(J1-Pad1)")
  (net 5 "Net-(J2-Pad1)")

  (net_class Default "This is the default net class."
    (clearance 0.2)
    (trace_width 0.25)
    (via_dia 0.8)
    (via_drill 0.4)
    (uvia_dia 0.3)
    (uvia_drill 0.1)
    (add_net GND)
  )

  (net_class 50ohm_milled ""
    (clearance 0.3)
    (trace_width 1.2)
    (via_dia 1.3)
    (via_drill 1)
    (uvia_dia 0.3)
    (uvia_drill 0.1)
    (add_net "Net-(C1-Pad1)")
    (add_net "Net-(C2-Pad1)")
    (add_net "Net-(J1-Pad1)")
    (add_net "Net-(J2-Pad1)")
  )

  (module Connector_Coaxial:SMA_Amphenol_132289_EdgeMount (layer F.Cu) (tedit 5A1C1810) (tstamp 5DDE50E2)
    (at 136.144 125.73 180)
    (descr http://www.amphenolrf.com/132289.html)
    (tags SMA)
    (path /5D614489)
    (attr smd)
    (fp_text reference J2 (at 0 -6.604 180) (layer F.SilkS)
      (effects (font (size 1 1) (thickness 0.15)))
    )
    (fp_text value Conn_Coaxial (at 5 6) (layer F.Fab)
      (effects (font (size 1 1) (thickness 0.15)))
    )
    (fp_line (start -3.71 0.25) (end -3.21 0) (layer F.SilkS) (width 0.12))
    (fp_line (start -3.71 -0.25) (end -3.71 0.25) (layer F.SilkS) (width 0.12))
    (fp_line (start -3.21 0) (end -3.71 -0.25) (layer F.SilkS) (width 0.12))
    (fp_line (start 3.54 0) (end 2.54 0.75) (layer F.Fab) (width 0.1))
    (fp_line (start 2.54 -0.75) (end 3.54 0) (layer F.Fab) (width 0.1))
    (fp_text user %R (at 4.79 0 270) (layer F.Fab)
      (effects (font (size 1 1) (thickness 0.15)))
    )
    (fp_line (start 14.47 -5.58) (end -3.04 -5.58) (layer F.CrtYd) (width 0.05))
    (fp_line (start 14.47 -5.58) (end 14.47 5.58) (layer F.CrtYd) (width 0.05))
    (fp_line (start 14.47 5.58) (end -3.04 5.58) (layer F.CrtYd) (width 0.05))
    (fp_line (start -3.04 5.58) (end -3.04 -5.58) (layer F.CrtYd) (width 0.05))
    (fp_line (start 14.47 -5.58) (end -3.04 -5.58) (layer B.CrtYd) (width 0.05))
    (fp_line (start 14.47 -5.58) (end 14.47 5.58) (layer B.CrtYd) (width 0.05))
    (fp_line (start 14.47 5.58) (end -3.04 5.58) (layer B.CrtYd) (width 0.05))
    (fp_line (start -3.04 5.58) (end -3.04 -5.58) (layer B.CrtYd) (width 0.05))
    (fp_line (start 4.445 -3.81) (end 13.97 -3.81) (layer F.Fab) (width 0.1))
    (fp_line (start 13.97 -3.81) (end 13.97 3.81) (layer F.Fab) (width 0.1))
    (fp_line (start 13.97 3.81) (end 4.445 3.81) (layer F.Fab) (width 0.1))
    (fp_line (start 4.445 5.08) (end 4.445 3.81) (layer F.Fab) (width 0.1))
    (fp_line (start 4.445 -3.81) (end 4.445 -5.08) (layer F.Fab) (width 0.1))
    (fp_line (start -1.91 -5.08) (end 4.445 -5.08) (layer F.Fab) (width 0.1))
    (fp_line (start -1.91 -5.08) (end -1.91 -3.81) (layer F.Fab) (width 0.1))
    (fp_line (start -1.91 -3.81) (end 2.54 -3.81) (layer F.Fab) (width 0.1))
    (fp_line (start 2.54 -3.81) (end 2.54 3.81) (layer F.Fab) (width 0.1))
    (fp_line (start 2.54 3.81) (end -1.91 3.81) (layer F.Fab) (width 0.1))
    (fp_line (start -1.91 3.81) (end -1.91 5.08) (layer F.Fab) (width 0.1))
    (fp_line (start -1.91 5.08) (end 4.445 5.08) (layer F.Fab) (width 0.1))
    (pad 2 smd rect (at 0 4.25 270) (size 1.5 5.08) (layers B.Cu B.Paste B.Mask)
      (net 2 GND))
    (pad 2 smd rect (at 0 -4.25 270) (size 1.5 5.08) (layers B.Cu B.Paste B.Mask)
      (net 2 GND))
    (pad 2 smd rect (at 0 4.25 270) (size 1.5 5.08) (layers F.Cu F.Paste F.Mask)
      (net 2 GND))
    (pad 2 smd rect (at 0 -4.25 270) (size 1.5 5.08) (layers F.Cu F.Paste F.Mask)
      (net 2 GND))
    (pad 1 smd rect (at 0 0 270) (size 1.5 5.08) (layers F.Cu F.Paste F.Mask)
      (net 5 "Net-(J2-Pad1)"))
    (model ${KISYS3DMOD}/Connector_Coaxial.3dshapes/SMA_Amphenol_132289_EdgeMount.wrl
      (at (xyz 0 0 0))
      (scale (xyz 1 1 1))
      (rotate (xyz 0 0 0))
    )
  )

  (module MountingHole:MountingHole_3.2mm_M3 (layer F.Cu) (tedit 5DDE9E32) (tstamp 5DDE8822)
    (at 137.16 139.7)
    (descr "Mounting Hole 3.2mm, no annular, M3")
    (tags "mounting hole 3.2mm no annular m3")
    (attr virtual)
    (fp_text reference REF** (at 0 -4.2) (layer F.SilkS)
      (effects (font (size 1 1) (thickness 0.15)))
    )
    (fp_text value MountingHole_3.2mm_M3 (at 0 4.2) (layer F.Fab)
      (effects (font (size 1 1) (thickness 0.15)))
    )
    (fp_circle (center 0 0) (end 3.45 0) (layer F.CrtYd) (width 0.05))
    (fp_circle (center 0 0) (end 3.2 0) (layer Cmts.User) (width 0.15))
    (fp_text user %R (at 0.3 0) (layer F.Fab)
      (effects (font (size 1 1) (thickness 0.15)))
    )
    (pad "" np_thru_hole circle (at 0 0) (size 3.2 3.2) (drill 3.2) (layers *.Cu *.Mask)
      (clearance 1.6))
  )

  (module MountingHole:MountingHole_3.2mm_M3 (layer F.Cu) (tedit 5DDE9E2B) (tstamp 5DDE8805)
    (at 167.64 139.7)
    (descr "Mounting Hole 3.2mm, no annular, M3")
    (tags "mounting hole 3.2mm no annular m3")
    (attr virtual)
    (fp_text reference REF** (at 0 -4.2) (layer F.SilkS)
      (effects (font (size 1 1) (thickness 0.15)))
    )
    (fp_text value MountingHole_3.2mm_M3 (at 0 4.2) (layer F.Fab)
      (effects (font (size 1 1) (thickness 0.15)))
    )
    (fp_circle (center 0 0) (end 3.45 0) (layer F.CrtYd) (width 0.05))
    (fp_circle (center 0 0) (end 3.2 0) (layer Cmts.User) (width 0.15))
    (fp_text user %R (at 0.3 0) (layer F.Fab)
      (effects (font (size 1 1) (thickness 0.15)))
    )
    (pad "" np_thru_hole circle (at 0 0) (size 3.2 3.2) (drill 3.2) (layers *.Cu *.Mask)
      (clearance 1.6))
  )

  (module MountingHole:MountingHole_3.2mm_M3 (layer F.Cu) (tedit 5DDE9E22) (tstamp 5DDE87E8)
    (at 167.64 114.3)
    (descr "Mounting Hole 3.2mm, no annular, M3")
    (tags "mounting hole 3.2mm no annular m3")
    (attr virtual)
    (fp_text reference REF** (at 0 -4.2) (layer F.SilkS)
      (effects (font (size 1 1) (thickness 0.15)))
    )
    (fp_text value MountingHole_3.2mm_M3 (at 0 4.2) (layer F.Fab)
      (effects (font (size 1 1) (thickness 0.15)))
    )
    (fp_circle (center 0 0) (end 3.45 0) (layer F.CrtYd) (width 0.05))
    (fp_circle (center 0 0) (end 3.2 0) (layer Cmts.User) (width 0.15))
    (fp_text user %R (at 0.3 0) (layer F.Fab)
      (effects (font (size 1 1) (thickness 0.15)))
    )
    (pad "" np_thru_hole circle (at 0 0) (size 3.2 3.2) (drill 3.2) (layers *.Cu *.Mask)
      (clearance 1.6))
  )

  (module MountingHole:MountingHole_3.2mm_M3 (layer F.Cu) (tedit 5DDE9E0D) (tstamp 5DDE87B6)
    (at 137.16 114.3)
    (descr "Mounting Hole 3.2mm, no annular, M3")
    (tags "mounting hole 3.2mm no annular m3")
    (attr virtual)
    (fp_text reference REF** (at 0 -4.2) (layer F.SilkS)
      (effects (font (size 1 1) (thickness 0.15)))
    )
    (fp_text value MountingHole_3.2mm_M3 (at 0 4.2) (layer F.Fab)
      (effects (font (size 1 1) (thickness 0.15)))
    )
    (fp_circle (center 0 0) (end 3.45 0) (layer F.CrtYd) (width 0.05))
    (fp_circle (center 0 0) (end 3.2 0) (layer Cmts.User) (width 0.15))
    (fp_text user %R (at 0.3 0) (layer F.Fab)
      (effects (font (size 1 1) (thickness 0.15)))
    )
    (pad "" np_thru_hole circle (at 0 0) (size 3.2 3.2) (drill 3.2) (layers *.Cu *.Mask)
      (clearance 1.6))
  )

  (module Capacitor_SMD:C_0603_1608Metric (layer F.Cu) (tedit 5B301BBE) (tstamp 5DDE9BE9)
    (at 156.718 129.1845 270)
    (descr "Capacitor SMD 0603 (1608 Metric), square (rectangular) end terminal, IPC_7351 nominal, (Body size source: http://www.tortai-tech.com/upload/download/2011102023233369053.pdf), generated with kicad-footprint-generator")
    (tags capacitor)
    (path /5D612DA1)
    (attr smd)
    (fp_text reference C1 (at 2.7685 0 90) (layer F.SilkS)
      (effects (font (size 1 1) (thickness 0.15)))
    )
    (fp_text value 33n (at -3.4545 0 90) (layer F.Fab)
      (effects (font (size 1 1) (thickness 0.15)))
    )
    (fp_line (start -0.8 0.4) (end -0.8 -0.4) (layer F.Fab) (width 0.1))
    (fp_line (start -0.8 -0.4) (end 0.8 -0.4) (layer F.Fab) (width 0.1))
    (fp_line (start 0.8 -0.4) (end 0.8 0.4) (layer F.Fab) (width 0.1))
    (fp_line (start 0.8 0.4) (end -0.8 0.4) (layer F.Fab) (width 0.1))
    (fp_line (start -0.162779 -0.51) (end 0.162779 -0.51) (layer F.SilkS) (width 0.12))
    (fp_line (start -0.162779 0.51) (end 0.162779 0.51) (layer F.SilkS) (width 0.12))
    (fp_line (start -1.48 0.73) (end -1.48 -0.73) (layer F.CrtYd) (width 0.05))
    (fp_line (start -1.48 -0.73) (end 1.48 -0.73) (layer F.CrtYd) (width 0.05))
    (fp_line (start 1.48 -0.73) (end 1.48 0.73) (layer F.CrtYd) (width 0.05))
    (fp_line (start 1.48 0.73) (end -1.48 0.73) (layer F.CrtYd) (width 0.05))
    (fp_text user %R (at 0 0 90) (layer F.Fab)
      (effects (font (size 0.4 0.4) (thickness 0.06)))
    )
    (pad 1 smd roundrect (at -0.7875 0 270) (size 0.875 0.95) (layers F.Cu F.Paste F.Mask) (roundrect_rratio 0.25)
      (net 1 "Net-(C1-Pad1)"))
    (pad 2 smd roundrect (at 0.7875 0 270) (size 0.875 0.95) (layers F.Cu F.Paste F.Mask) (roundrect_rratio 0.25)
      (net 2 GND))
    (model ${KISYS3DMOD}/Capacitor_SMD.3dshapes/C_0603_1608Metric.wrl
      (at (xyz 0 0 0))
      (scale (xyz 1 1 1))
      (rotate (xyz 0 0 0))
    )
  )

  (module Capacitor_SMD:C_0603_1608Metric (layer F.Cu) (tedit 5B301BBE) (tstamp 5DDD8B46)
    (at 148.082 124.8155 90)
    (descr "Capacitor SMD 0603 (1608 Metric), square (rectangular) end terminal, IPC_7351 nominal, (Body size source: http://www.tortai-tech.com/upload/download/2011102023233369053.pdf), generated with kicad-footprint-generator")
    (tags capacitor)
    (path /5D612EBD)
    (attr smd)
    (fp_text reference C2 (at -0.0255 0 90) (layer F.SilkS)
      (effects (font (size 1 1) (thickness 0.15)))
    )
    (fp_text value 33n (at -3.2005 0 90) (layer F.Fab)
      (effects (font (size 1 1) (thickness 0.15)))
    )
    (fp_text user %R (at 0 0 90) (layer F.Fab)
      (effects (font (size 0.4 0.4) (thickness 0.06)))
    )
    (fp_line (start 1.48 0.73) (end -1.48 0.73) (layer F.CrtYd) (width 0.05))
    (fp_line (start 1.48 -0.73) (end 1.48 0.73) (layer F.CrtYd) (width 0.05))
    (fp_line (start -1.48 -0.73) (end 1.48 -0.73) (layer F.CrtYd) (width 0.05))
    (fp_line (start -1.48 0.73) (end -1.48 -0.73) (layer F.CrtYd) (width 0.05))
    (fp_line (start -0.162779 0.51) (end 0.162779 0.51) (layer F.SilkS) (width 0.12))
    (fp_line (start -0.162779 -0.51) (end 0.162779 -0.51) (layer F.SilkS) (width 0.12))
    (fp_line (start 0.8 0.4) (end -0.8 0.4) (layer F.Fab) (width 0.1))
    (fp_line (start 0.8 -0.4) (end 0.8 0.4) (layer F.Fab) (width 0.1))
    (fp_line (start -0.8 -0.4) (end 0.8 -0.4) (layer F.Fab) (width 0.1))
    (fp_line (start -0.8 0.4) (end -0.8 -0.4) (layer F.Fab) (width 0.1))
    (pad 2 smd roundrect (at 0.7875 0 90) (size 0.875 0.95) (layers F.Cu F.Paste F.Mask) (roundrect_rratio 0.25)
      (net 2 GND))
    (pad 1 smd roundrect (at -0.7875 0 90) (size 0.875 0.95) (layers F.Cu F.Paste F.Mask) (roundrect_rratio 0.25)
      (net 3 "Net-(C2-Pad1)"))
    (model ${KISYS3DMOD}/Capacitor_SMD.3dshapes/C_0603_1608Metric.wrl
      (at (xyz 0 0 0))
      (scale (xyz 1 1 1))
      (rotate (xyz 0 0 0))
    )
  )

  (module Connector_Coaxial:SMA_Amphenol_132289_EdgeMount (layer F.Cu) (tedit 5A1C1810) (tstamp 5DDE5B49)
    (at 168.656 128.27)
    (descr http://www.amphenolrf.com/132289.html)
    (tags SMA)
    (path /5D614539)
    (attr smd)
    (fp_text reference J1 (at 0 -6.35 180) (layer F.SilkS)
      (effects (font (size 1 1) (thickness 0.15)))
    )
    (fp_text value Conn_Coaxial (at 5 6) (layer F.Fab)
      (effects (font (size 1 1) (thickness 0.15)))
    )
    (fp_line (start -1.91 5.08) (end 4.445 5.08) (layer F.Fab) (width 0.1))
    (fp_line (start -1.91 3.81) (end -1.91 5.08) (layer F.Fab) (width 0.1))
    (fp_line (start 2.54 3.81) (end -1.91 3.81) (layer F.Fab) (width 0.1))
    (fp_line (start 2.54 -3.81) (end 2.54 3.81) (layer F.Fab) (width 0.1))
    (fp_line (start -1.91 -3.81) (end 2.54 -3.81) (layer F.Fab) (width 0.1))
    (fp_line (start -1.91 -5.08) (end -1.91 -3.81) (layer F.Fab) (width 0.1))
    (fp_line (start -1.91 -5.08) (end 4.445 -5.08) (layer F.Fab) (width 0.1))
    (fp_line (start 4.445 -3.81) (end 4.445 -5.08) (layer F.Fab) (width 0.1))
    (fp_line (start 4.445 5.08) (end 4.445 3.81) (layer F.Fab) (width 0.1))
    (fp_line (start 13.97 3.81) (end 4.445 3.81) (layer F.Fab) (width 0.1))
    (fp_line (start 13.97 -3.81) (end 13.97 3.81) (layer F.Fab) (width 0.1))
    (fp_line (start 4.445 -3.81) (end 13.97 -3.81) (layer F.Fab) (width 0.1))
    (fp_line (start -3.04 5.58) (end -3.04 -5.58) (layer B.CrtYd) (width 0.05))
    (fp_line (start 14.47 5.58) (end -3.04 5.58) (layer B.CrtYd) (width 0.05))
    (fp_line (start 14.47 -5.58) (end 14.47 5.58) (layer B.CrtYd) (width 0.05))
    (fp_line (start 14.47 -5.58) (end -3.04 -5.58) (layer B.CrtYd) (width 0.05))
    (fp_line (start -3.04 5.58) (end -3.04 -5.58) (layer F.CrtYd) (width 0.05))
    (fp_line (start 14.47 5.58) (end -3.04 5.58) (layer F.CrtYd) (width 0.05))
    (fp_line (start 14.47 -5.58) (end 14.47 5.58) (layer F.CrtYd) (width 0.05))
    (fp_line (start 14.47 -5.58) (end -3.04 -5.58) (layer F.CrtYd) (width 0.05))
    (fp_text user %R (at 4.79 0 270) (layer F.Fab)
      (effects (font (size 1 1) (thickness 0.15)))
    )
    (fp_line (start 2.54 -0.75) (end 3.54 0) (layer F.Fab) (width 0.1))
    (fp_line (start 3.54 0) (end 2.54 0.75) (layer F.Fab) (width 0.1))
    (fp_line (start -3.21 0) (end -3.71 -0.25) (layer F.SilkS) (width 0.12))
    (fp_line (start -3.71 -0.25) (end -3.71 0.25) (layer F.SilkS) (width 0.12))
    (fp_line (start -3.71 0.25) (end -3.21 0) (layer F.SilkS) (width 0.12))
    (pad 1 smd rect (at 0 0 90) (size 1.5 5.08) (layers F.Cu F.Paste F.Mask)
      (net 4 "Net-(J1-Pad1)"))
    (pad 2 smd rect (at 0 -4.25 90) (size 1.5 5.08) (layers F.Cu F.Paste F.Mask)
      (net 2 GND))
    (pad 2 smd rect (at 0 4.25 90) (size 1.5 5.08) (layers F.Cu F.Paste F.Mask)
      (net 2 GND))
    (pad 2 smd rect (at 0 -4.25 90) (size 1.5 5.08) (layers B.Cu B.Paste B.Mask)
      (net 2 GND))
    (pad 2 smd rect (at 0 4.25 90) (size 1.5 5.08) (layers B.Cu B.Paste B.Mask)
      (net 2 GND))
    (model ${KISYS3DMOD}/Connector_Coaxial.3dshapes/SMA_Amphenol_132289_EdgeMount.wrl
      (at (xyz 0 0 0))
      (scale (xyz 1 1 1))
      (rotate (xyz 0 0 0))
    )
  )

  (module Resistor_SMD:R_0603_1608Metric (layer F.Cu) (tedit 5B301BBD) (tstamp 5DDE5DDC)
    (at 164.338 129.1845 270)
    (descr "Resistor SMD 0603 (1608 Metric), square (rectangular) end terminal, IPC_7351 nominal, (Body size source: http://www.tortai-tech.com/upload/download/2011102023233369053.pdf), generated with kicad-footprint-generator")
    (tags resistor)
    (path /5D612D4C)
    (attr smd)
    (fp_text reference R1 (at 2.8955 0 90) (layer F.SilkS)
      (effects (font (size 1 1) (thickness 0.15)))
    )
    (fp_text value 158R (at -3.8355 0 90) (layer F.Fab)
      (effects (font (size 1 1) (thickness 0.15)))
    )
    (fp_line (start -0.8 0.4) (end -0.8 -0.4) (layer F.Fab) (width 0.1))
    (fp_line (start -0.8 -0.4) (end 0.8 -0.4) (layer F.Fab) (width 0.1))
    (fp_line (start 0.8 -0.4) (end 0.8 0.4) (layer F.Fab) (width 0.1))
    (fp_line (start 0.8 0.4) (end -0.8 0.4) (layer F.Fab) (width 0.1))
    (fp_line (start -0.162779 -0.51) (end 0.162779 -0.51) (layer F.SilkS) (width 0.12))
    (fp_line (start -0.162779 0.51) (end 0.162779 0.51) (layer F.SilkS) (width 0.12))
    (fp_line (start -1.48 0.73) (end -1.48 -0.73) (layer F.CrtYd) (width 0.05))
    (fp_line (start -1.48 -0.73) (end 1.48 -0.73) (layer F.CrtYd) (width 0.05))
    (fp_line (start 1.48 -0.73) (end 1.48 0.73) (layer F.CrtYd) (width 0.05))
    (fp_line (start 1.48 0.73) (end -1.48 0.73) (layer F.CrtYd) (width 0.05))
    (fp_text user %R (at 0 0 90) (layer F.Fab)
      (effects (font (size 0.4 0.4) (thickness 0.06)))
    )
    (pad 1 smd roundrect (at -0.7875 0 270) (size 0.875 0.95) (layers F.Cu F.Paste F.Mask) (roundrect_rratio 0.25)
      (net 4 "Net-(J1-Pad1)"))
    (pad 2 smd roundrect (at 0.7875 0 270) (size 0.875 0.95) (layers F.Cu F.Paste F.Mask) (roundrect_rratio 0.25)
      (net 2 GND))
    (model ${KISYS3DMOD}/Resistor_SMD.3dshapes/R_0603_1608Metric.wrl
      (at (xyz 0 0 0))
      (scale (xyz 1 1 1))
      (rotate (xyz 0 0 0))
    )
  )

  (module Resistor_SMD:R_0603_1608Metric (layer F.Cu) (tedit 5B301BBD) (tstamp 5DDE5B07)
    (at 161.5185 128.27)
    (descr "Resistor SMD 0603 (1608 Metric), square (rectangular) end terminal, IPC_7351 nominal, (Body size source: http://www.tortai-tech.com/upload/download/2011102023233369053.pdf), generated with kicad-footprint-generator")
    (tags resistor)
    (path /5D612D52)
    (attr smd)
    (fp_text reference R2 (at 0.0255 -1.778) (layer F.SilkS)
      (effects (font (size 1 1) (thickness 0.15)))
    )
    (fp_text value 66R5 (at 0 1.778) (layer F.Fab)
      (effects (font (size 1 1) (thickness 0.15)))
    )
    (fp_text user %R (at 0 0) (layer F.Fab)
      (effects (font (size 0.4 0.4) (thickness 0.06)))
    )
    (fp_line (start 1.48 0.73) (end -1.48 0.73) (layer F.CrtYd) (width 0.05))
    (fp_line (start 1.48 -0.73) (end 1.48 0.73) (layer F.CrtYd) (width 0.05))
    (fp_line (start -1.48 -0.73) (end 1.48 -0.73) (layer F.CrtYd) (width 0.05))
    (fp_line (start -1.48 0.73) (end -1.48 -0.73) (layer F.CrtYd) (width 0.05))
    (fp_line (start -0.162779 0.51) (end 0.162779 0.51) (layer F.SilkS) (width 0.12))
    (fp_line (start -0.162779 -0.51) (end 0.162779 -0.51) (layer F.SilkS) (width 0.12))
    (fp_line (start 0.8 0.4) (end -0.8 0.4) (layer F.Fab) (width 0.1))
    (fp_line (start 0.8 -0.4) (end 0.8 0.4) (layer F.Fab) (width 0.1))
    (fp_line (start -0.8 -0.4) (end 0.8 -0.4) (layer F.Fab) (width 0.1))
    (fp_line (start -0.8 0.4) (end -0.8 -0.4) (layer F.Fab) (width 0.1))
    (pad 2 smd roundrect (at 0.7875 0) (size 0.875 0.95) (layers F.Cu F.Paste F.Mask) (roundrect_rratio 0.25)
      (net 4 "Net-(J1-Pad1)"))
    (pad 1 smd roundrect (at -0.7875 0) (size 0.875 0.95) (layers F.Cu F.Paste F.Mask) (roundrect_rratio 0.25)
      (net 1 "Net-(C1-Pad1)"))
    (model ${KISYS3DMOD}/Resistor_SMD.3dshapes/R_0603_1608Metric.wrl
      (at (xyz 0 0 0))
      (scale (xyz 1 1 1))
      (rotate (xyz 0 0 0))
    )
  )

  (module Resistor_SMD:R_0603_1608Metric (layer F.Cu) (tedit 5B301BBD) (tstamp 5DDE5BCD)
    (at 158.75 129.1845 270)
    (descr "Resistor SMD 0603 (1608 Metric), square (rectangular) end terminal, IPC_7351 nominal, (Body size source: http://www.tortai-tech.com/upload/download/2011102023233369053.pdf), generated with kicad-footprint-generator")
    (tags resistor)
    (path /5D612D46)
    (attr smd)
    (fp_text reference R3 (at 2.8955 0 90) (layer F.SilkS)
      (effects (font (size 1 1) (thickness 0.15)))
    )
    (fp_text value 14R2 (at -3.8355 0 90) (layer F.Fab)
      (effects (font (size 1 1) (thickness 0.15)))
    )
    (fp_text user %R (at 0 0 90) (layer F.Fab)
      (effects (font (size 0.4 0.4) (thickness 0.06)))
    )
    (fp_line (start 1.48 0.73) (end -1.48 0.73) (layer F.CrtYd) (width 0.05))
    (fp_line (start 1.48 -0.73) (end 1.48 0.73) (layer F.CrtYd) (width 0.05))
    (fp_line (start -1.48 -0.73) (end 1.48 -0.73) (layer F.CrtYd) (width 0.05))
    (fp_line (start -1.48 0.73) (end -1.48 -0.73) (layer F.CrtYd) (width 0.05))
    (fp_line (start -0.162779 0.51) (end 0.162779 0.51) (layer F.SilkS) (width 0.12))
    (fp_line (start -0.162779 -0.51) (end 0.162779 -0.51) (layer F.SilkS) (width 0.12))
    (fp_line (start 0.8 0.4) (end -0.8 0.4) (layer F.Fab) (width 0.1))
    (fp_line (start 0.8 -0.4) (end 0.8 0.4) (layer F.Fab) (width 0.1))
    (fp_line (start -0.8 -0.4) (end 0.8 -0.4) (layer F.Fab) (width 0.1))
    (fp_line (start -0.8 0.4) (end -0.8 -0.4) (layer F.Fab) (width 0.1))
    (pad 2 smd roundrect (at 0.7875 0 270) (size 0.875 0.95) (layers F.Cu F.Paste F.Mask) (roundrect_rratio 0.25)
      (net 2 GND))
    (pad 1 smd roundrect (at -0.7875 0 270) (size 0.875 0.95) (layers F.Cu F.Paste F.Mask) (roundrect_rratio 0.25)
      (net 1 "Net-(C1-Pad1)"))
    (model ${KISYS3DMOD}/Resistor_SMD.3dshapes/R_0603_1608Metric.wrl
      (at (xyz 0 0 0))
      (scale (xyz 1 1 1))
      (rotate (xyz 0 0 0))
    )
  )

  (module Resistor_SMD:R_0603_1608Metric (layer F.Cu) (tedit 5B301BBD) (tstamp 5DDE52F3)
    (at 146.05 124.8155 90)
    (descr "Resistor SMD 0603 (1608 Metric), square (rectangular) end terminal, IPC_7351 nominal, (Body size source: http://www.tortai-tech.com/upload/download/2011102023233369053.pdf), generated with kicad-footprint-generator")
    (tags resistor)
    (path /5D61253A)
    (attr smd)
    (fp_text reference R4 (at 2.8955 0 90) (layer F.SilkS)
      (effects (font (size 1 1) (thickness 0.15)))
    )
    (fp_text value 14R2 (at -3.8355 0 90) (layer F.Fab)
      (effects (font (size 1 1) (thickness 0.15)))
    )
    (fp_text user %R (at 0 0 90) (layer F.Fab)
      (effects (font (size 0.4 0.4) (thickness 0.06)))
    )
    (fp_line (start 1.48 0.73) (end -1.48 0.73) (layer F.CrtYd) (width 0.05))
    (fp_line (start 1.48 -0.73) (end 1.48 0.73) (layer F.CrtYd) (width 0.05))
    (fp_line (start -1.48 -0.73) (end 1.48 -0.73) (layer F.CrtYd) (width 0.05))
    (fp_line (start -1.48 0.73) (end -1.48 -0.73) (layer F.CrtYd) (width 0.05))
    (fp_line (start -0.162779 0.51) (end 0.162779 0.51) (layer F.SilkS) (width 0.12))
    (fp_line (start -0.162779 -0.51) (end 0.162779 -0.51) (layer F.SilkS) (width 0.12))
    (fp_line (start 0.8 0.4) (end -0.8 0.4) (layer F.Fab) (width 0.1))
    (fp_line (start 0.8 -0.4) (end 0.8 0.4) (layer F.Fab) (width 0.1))
    (fp_line (start -0.8 -0.4) (end 0.8 -0.4) (layer F.Fab) (width 0.1))
    (fp_line (start -0.8 0.4) (end -0.8 -0.4) (layer F.Fab) (width 0.1))
    (pad 2 smd roundrect (at 0.7875 0 90) (size 0.875 0.95) (layers F.Cu F.Paste F.Mask) (roundrect_rratio 0.25)
      (net 2 GND))
    (pad 1 smd roundrect (at -0.7875 0 90) (size 0.875 0.95) (layers F.Cu F.Paste F.Mask) (roundrect_rratio 0.25)
      (net 3 "Net-(C2-Pad1)"))
    (model ${KISYS3DMOD}/Resistor_SMD.3dshapes/R_0603_1608Metric.wrl
      (at (xyz 0 0 0))
      (scale (xyz 1 1 1))
      (rotate (xyz 0 0 0))
    )
  )

  (module Resistor_SMD:R_0603_1608Metric (layer F.Cu) (tedit 5B301BBD) (tstamp 5DDE5695)
    (at 143.256 125.73)
    (descr "Resistor SMD 0603 (1608 Metric), square (rectangular) end terminal, IPC_7351 nominal, (Body size source: http://www.tortai-tech.com/upload/download/2011102023233369053.pdf), generated with kicad-footprint-generator")
    (tags resistor)
    (path /5D61256E)
    (attr smd)
    (fp_text reference R5 (at 0 1.778) (layer F.SilkS)
      (effects (font (size 1 1) (thickness 0.15)))
    )
    (fp_text value 66R5 (at 0 -1.651) (layer F.Fab)
      (effects (font (size 1 1) (thickness 0.15)))
    )
    (fp_line (start -0.8 0.4) (end -0.8 -0.4) (layer F.Fab) (width 0.1))
    (fp_line (start -0.8 -0.4) (end 0.8 -0.4) (layer F.Fab) (width 0.1))
    (fp_line (start 0.8 -0.4) (end 0.8 0.4) (layer F.Fab) (width 0.1))
    (fp_line (start 0.8 0.4) (end -0.8 0.4) (layer F.Fab) (width 0.1))
    (fp_line (start -0.162779 -0.51) (end 0.162779 -0.51) (layer F.SilkS) (width 0.12))
    (fp_line (start -0.162779 0.51) (end 0.162779 0.51) (layer F.SilkS) (width 0.12))
    (fp_line (start -1.48 0.73) (end -1.48 -0.73) (layer F.CrtYd) (width 0.05))
    (fp_line (start -1.48 -0.73) (end 1.48 -0.73) (layer F.CrtYd) (width 0.05))
    (fp_line (start 1.48 -0.73) (end 1.48 0.73) (layer F.CrtYd) (width 0.05))
    (fp_line (start 1.48 0.73) (end -1.48 0.73) (layer F.CrtYd) (width 0.05))
    (fp_text user %R (at 0 0) (layer F.Fab)
      (effects (font (size 0.4 0.4) (thickness 0.06)))
    )
    (pad 1 smd roundrect (at -0.7875 0) (size 0.875 0.95) (layers F.Cu F.Paste F.Mask) (roundrect_rratio 0.25)
      (net 5 "Net-(J2-Pad1)"))
    (pad 2 smd roundrect (at 0.7875 0) (size 0.875 0.95) (layers F.Cu F.Paste F.Mask) (roundrect_rratio 0.25)
      (net 3 "Net-(C2-Pad1)"))
    (model ${KISYS3DMOD}/Resistor_SMD.3dshapes/R_0603_1608Metric.wrl
      (at (xyz 0 0 0))
      (scale (xyz 1 1 1))
      (rotate (xyz 0 0 0))
    )
  )

  (module Resistor_SMD:R_0603_1608Metric (layer F.Cu) (tedit 5B301BBD) (tstamp 5DDE5560)
    (at 140.462 124.8155 90)
    (descr "Resistor SMD 0603 (1608 Metric), square (rectangular) end terminal, IPC_7351 nominal, (Body size source: http://www.tortai-tech.com/upload/download/2011102023233369053.pdf), generated with kicad-footprint-generator")
    (tags resistor)
    (path /5D6124B7)
    (attr smd)
    (fp_text reference R6 (at 2.8955 0 90) (layer F.SilkS)
      (effects (font (size 1 1) (thickness 0.15)))
    )
    (fp_text value 158R (at -3.7085 0 90) (layer F.Fab)
      (effects (font (size 1 1) (thickness 0.15)))
    )
    (fp_line (start -0.8 0.4) (end -0.8 -0.4) (layer F.Fab) (width 0.1))
    (fp_line (start -0.8 -0.4) (end 0.8 -0.4) (layer F.Fab) (width 0.1))
    (fp_line (start 0.8 -0.4) (end 0.8 0.4) (layer F.Fab) (width 0.1))
    (fp_line (start 0.8 0.4) (end -0.8 0.4) (layer F.Fab) (width 0.1))
    (fp_line (start -0.162779 -0.51) (end 0.162779 -0.51) (layer F.SilkS) (width 0.12))
    (fp_line (start -0.162779 0.51) (end 0.162779 0.51) (layer F.SilkS) (width 0.12))
    (fp_line (start -1.48 0.73) (end -1.48 -0.73) (layer F.CrtYd) (width 0.05))
    (fp_line (start -1.48 -0.73) (end 1.48 -0.73) (layer F.CrtYd) (width 0.05))
    (fp_line (start 1.48 -0.73) (end 1.48 0.73) (layer F.CrtYd) (width 0.05))
    (fp_line (start 1.48 0.73) (end -1.48 0.73) (layer F.CrtYd) (width 0.05))
    (fp_text user %R (at 0 0 90) (layer F.Fab)
      (effects (font (size 0.4 0.4) (thickness 0.06)))
    )
    (pad 1 smd roundrect (at -0.7875 0 90) (size 0.875 0.95) (layers F.Cu F.Paste F.Mask) (roundrect_rratio 0.25)
      (net 5 "Net-(J2-Pad1)"))
    (pad 2 smd roundrect (at 0.7875 0 90) (size 0.875 0.95) (layers F.Cu F.Paste F.Mask) (roundrect_rratio 0.25)
      (net 2 GND))
    (model ${KISYS3DMOD}/Resistor_SMD.3dshapes/R_0603_1608Metric.wrl
      (at (xyz 0 0 0))
      (scale (xyz 1 1 1))
      (rotate (xyz 0 0 0))
    )
  )

  (module abracon:AXS-3225-04-02 (layer F.Cu) (tedit 5DDD3CB3) (tstamp 5DDD887B)
    (at 152.4 127 90)
    (path /5DDDC3CC)
    (fp_text reference Y1 (at -8.255 0 180) (layer F.SilkS)
      (effects (font (size 1 1) (thickness 0.15)))
    )
    (fp_text value AXS-3225-04-02 (at 0 -2.25 90) (layer F.Fab)
      (effects (font (size 1 1) (thickness 0.15)))
    )
    (fp_line (start -7 -3) (end -7 3) (layer Dwgs.User) (width 0.12))
    (fp_line (start 7 -3) (end -7 -3) (layer Dwgs.User) (width 0.12))
    (fp_line (start 7 3) (end 7 -3) (layer Dwgs.User) (width 0.12))
    (fp_line (start -7 3) (end 7 3) (layer Dwgs.User) (width 0.12))
    (fp_line (start 14 2) (end 7 2) (layer Dwgs.User) (width 0.12))
    (fp_line (start 14 -2) (end 14 2) (layer Dwgs.User) (width 0.12))
    (fp_line (start 7 -2) (end 14 -2) (layer Dwgs.User) (width 0.12))
    (pad 4 thru_hole rect (at 1.05 0.75 90) (size 1.6 1.2) (drill 0.7) (layers *.Cu *.Mask)
      (net 2 GND))
    (pad 3 thru_hole rect (at 1.05 -0.75 90) (size 1.6 1.2) (drill 0.7) (layers *.Cu *.Mask)
      (net 3 "Net-(C2-Pad1)"))
    (pad 2 thru_hole rect (at -1.05 -0.75 90) (size 1.6 1.2) (drill 0.7) (layers *.Cu *.Mask)
      (net 2 GND))
    (pad 1 thru_hole rect (at -1.05 0.75 90) (size 1.6 1.2) (drill 0.7) (layers *.Cu *.Mask)
      (net 1 "Net-(C1-Pad1)"))
  )

  (gr_line (start 133.35 114.3) (end 133.35 139.7) (layer Edge.Cuts) (width 0.15))
  (gr_line (start 167.64 110.49) (end 137.16 110.49) (layer Edge.Cuts) (width 0.15))
  (gr_line (start 171.45 139.7) (end 171.45 114.3) (layer Edge.Cuts) (width 0.15))
  (gr_line (start 137.16 143.51) (end 167.64 143.51) (layer Edge.Cuts) (width 0.15))
  (gr_arc (start 137.16 139.7) (end 133.35 139.7) (angle -90) (layer Edge.Cuts) (width 0.15))
  (gr_arc (start 167.64 139.7) (end 167.64 143.51) (angle -90) (layer Edge.Cuts) (width 0.15))
  (gr_arc (start 167.64 114.3) (end 171.45 114.3) (angle -90) (layer Edge.Cuts) (width 0.15))
  (gr_arc (start 137.16 114.3) (end 137.16 110.49) (angle -90) (layer Edge.Cuts) (width 0.15))
  (gr_text "Crystal\n3.2 x 2.5 x 0.55mm" (at 152.4 138.43) (layer F.SilkS)
    (effects (font (size 1 1) (thickness 0.15)))
  )

  (segment (start 153.37 128.27) (end 153.15 128.05) (width 1.2) (layer F.Cu) (net 1))
  (segment (start 160.731 128.27) (end 153.37 128.27) (width 1.2) (layer F.Cu) (net 1) (tstamp 5DDE5EF3))
  (segment (start 151.176 125.73) (end 151.396 125.95) (width 1.2) (layer F.Cu) (net 3))
  (segment (start 144.0435 125.73) (end 151.176 125.73) (width 1.2) (layer F.Cu) (net 3))
  (segment (start 168.656 128.27) (end 162.306 128.27) (width 1.2) (layer F.Cu) (net 4) (tstamp 5DDE5D78))
  (segment (start 136.144 125.73) (end 142.4685 125.73) (width 1.2) (layer F.Cu) (net 5))

  (zone (net 2) (net_name GND) (layer F.Cu) (tstamp 0) (hatch edge 0.508)
    (connect_pads (clearance 0.3))
    (min_thickness 0.3)
    (fill yes (arc_segments 32) (thermal_gap 0.3) (thermal_bridge_width 0.5))
    (polygon
      (pts
        (xy 133.35 110.49) (xy 171.45 110.49) (xy 171.45 143.51) (xy 133.35 143.51)
      )
    )
    (filled_polygon
      (pts
        (xy 143.297446 126.476054) (xy 143.457329 126.607267) (xy 143.639738 126.704767) (xy 143.837664 126.764807) (xy 143.991922 126.78)
        (xy 150.600778 126.78) (xy 150.606511 126.838215) (xy 150.632243 126.923041) (xy 150.673379 127) (xy 150.632243 127.076959)
        (xy 150.606511 127.161785) (xy 150.597823 127.25) (xy 150.6 127.8375) (xy 150.7125 127.95) (xy 151.55 127.95)
        (xy 151.55 127.93) (xy 151.75 127.93) (xy 151.75 127.95) (xy 151.77 127.95) (xy 151.77 128.15)
        (xy 151.75 128.15) (xy 151.75 129.1875) (xy 151.8625 129.3) (xy 152.25 129.302177) (xy 152.338215 129.293489)
        (xy 152.4 129.274746) (xy 152.461785 129.293489) (xy 152.55 129.302177) (xy 153.155494 129.302177) (xy 153.164164 129.304807)
        (xy 153.318422 129.32) (xy 153.318432 129.32) (xy 153.37 129.325079) (xy 153.421568 129.32) (xy 155.847404 129.32)
        (xy 155.825243 129.361459) (xy 155.799511 129.446285) (xy 155.790823 129.5345) (xy 155.793 129.7595) (xy 155.9055 129.872)
        (xy 156.618 129.872) (xy 156.618 129.852) (xy 156.818 129.852) (xy 156.818 129.872) (xy 157.5305 129.872)
        (xy 157.643 129.7595) (xy 157.645177 129.5345) (xy 157.636489 129.446285) (xy 157.610757 129.361459) (xy 157.588596 129.32)
        (xy 157.879404 129.32) (xy 157.857243 129.361459) (xy 157.831511 129.446285) (xy 157.822823 129.5345) (xy 157.825 129.7595)
        (xy 157.9375 129.872) (xy 158.65 129.872) (xy 158.65 129.852) (xy 158.85 129.852) (xy 158.85 129.872)
        (xy 159.5625 129.872) (xy 159.675 129.7595) (xy 159.677177 129.5345) (xy 159.668489 129.446285) (xy 159.642757 129.361459)
        (xy 159.620596 129.32) (xy 160.782578 129.32) (xy 160.936836 129.304807) (xy 161.134762 129.244767) (xy 161.317171 129.147267)
        (xy 161.477054 129.016054) (xy 161.5185 128.965552) (xy 161.559946 129.016054) (xy 161.719829 129.147267) (xy 161.902238 129.244767)
        (xy 162.100164 129.304807) (xy 162.254422 129.32) (xy 163.467404 129.32) (xy 163.445243 129.361459) (xy 163.419511 129.446285)
        (xy 163.410823 129.5345) (xy 163.413 129.7595) (xy 163.5255 129.872) (xy 164.238 129.872) (xy 164.238 129.852)
        (xy 164.438 129.852) (xy 164.438 129.872) (xy 165.1505 129.872) (xy 165.263 129.7595) (xy 165.265177 129.5345)
        (xy 165.256489 129.446285) (xy 165.230757 129.361459) (xy 165.208596 129.32) (xy 165.780065 129.32) (xy 165.796263 129.339737)
        (xy 165.864784 129.395971) (xy 165.942959 129.437757) (xy 166.027785 129.463489) (xy 166.116 129.472177) (xy 170.925 129.472177)
        (xy 170.925 131.318076) (xy 168.8685 131.32) (xy 168.756 131.4325) (xy 168.756 132.42) (xy 168.776 132.42)
        (xy 168.776 132.62) (xy 168.756 132.62) (xy 168.756 133.6075) (xy 168.8685 133.72) (xy 170.925 133.721924)
        (xy 170.925 139.043278) (xy 170.861261 138.722841) (xy 170.608731 138.11318) (xy 170.242115 137.5645) (xy 169.7755 137.097885)
        (xy 169.22682 136.731269) (xy 168.617159 136.478739) (xy 167.969946 136.35) (xy 167.310054 136.35) (xy 166.662841 136.478739)
        (xy 166.05318 136.731269) (xy 165.5045 137.097885) (xy 165.037885 137.5645) (xy 164.671269 138.11318) (xy 164.418739 138.722841)
        (xy 164.29 139.370054) (xy 164.29 140.029946) (xy 164.418739 140.677159) (xy 164.671269 141.28682) (xy 165.037885 141.8355)
        (xy 165.5045 142.302115) (xy 166.05318 142.668731) (xy 166.662841 142.921261) (xy 166.983278 142.985) (xy 137.816722 142.985)
        (xy 138.137159 142.921261) (xy 138.74682 142.668731) (xy 139.2955 142.302115) (xy 139.762115 141.8355) (xy 140.128731 141.28682)
        (xy 140.381261 140.677159) (xy 140.51 140.029946) (xy 140.51 139.370054) (xy 140.381261 138.722841) (xy 140.128731 138.11318)
        (xy 139.762115 137.5645) (xy 139.2955 137.097885) (xy 138.74682 136.731269) (xy 138.137159 136.478739) (xy 137.489946 136.35)
        (xy 136.830054 136.35) (xy 136.182841 136.478739) (xy 135.57318 136.731269) (xy 135.0245 137.097885) (xy 134.557885 137.5645)
        (xy 134.191269 138.11318) (xy 133.938739 138.722841) (xy 133.875 139.043278) (xy 133.875 133.27) (xy 165.663823 133.27)
        (xy 165.672511 133.358215) (xy 165.698243 133.443041) (xy 165.740029 133.521216) (xy 165.796263 133.589737) (xy 165.864784 133.645971)
        (xy 165.942959 133.687757) (xy 166.027785 133.713489) (xy 166.116 133.722177) (xy 168.4435 133.72) (xy 168.556 133.6075)
        (xy 168.556 132.62) (xy 165.7785 132.62) (xy 165.666 132.7325) (xy 165.663823 133.27) (xy 133.875 133.27)
        (xy 133.875 131.77) (xy 165.663823 131.77) (xy 165.666 132.3075) (xy 165.7785 132.42) (xy 168.556 132.42)
        (xy 168.556 131.4325) (xy 168.4435 131.32) (xy 166.116 131.317823) (xy 166.027785 131.326511) (xy 165.942959 131.352243)
        (xy 165.864784 131.394029) (xy 165.796263 131.450263) (xy 165.740029 131.518784) (xy 165.698243 131.596959) (xy 165.672511 131.681785)
        (xy 165.663823 131.77) (xy 133.875 131.77) (xy 133.875 131.181924) (xy 135.9315 131.18) (xy 136.044 131.0675)
        (xy 136.044 130.08) (xy 136.244 130.08) (xy 136.244 131.0675) (xy 136.3565 131.18) (xy 138.684 131.182177)
        (xy 138.772215 131.173489) (xy 138.857041 131.147757) (xy 138.935216 131.105971) (xy 139.003737 131.049737) (xy 139.059971 130.981216)
        (xy 139.101757 130.903041) (xy 139.127489 130.818215) (xy 139.136177 130.73) (xy 139.134879 130.4095) (xy 155.790823 130.4095)
        (xy 155.799511 130.497715) (xy 155.825243 130.582541) (xy 155.867029 130.660716) (xy 155.923263 130.729237) (xy 155.991784 130.785471)
        (xy 156.069959 130.827257) (xy 156.154785 130.852989) (xy 156.243 130.861677) (xy 156.5055 130.8595) (xy 156.618 130.747)
        (xy 156.618 130.072) (xy 156.818 130.072) (xy 156.818 130.747) (xy 156.9305 130.8595) (xy 157.193 130.861677)
        (xy 157.281215 130.852989) (xy 157.366041 130.827257) (xy 157.444216 130.785471) (xy 157.512737 130.729237) (xy 157.568971 130.660716)
        (xy 157.610757 130.582541) (xy 157.636489 130.497715) (xy 157.645177 130.4095) (xy 157.822823 130.4095) (xy 157.831511 130.497715)
        (xy 157.857243 130.582541) (xy 157.899029 130.660716) (xy 157.955263 130.729237) (xy 158.023784 130.785471) (xy 158.101959 130.827257)
        (xy 158.186785 130.852989) (xy 158.275 130.861677) (xy 158.5375 130.8595) (xy 158.65 130.747) (xy 158.65 130.072)
        (xy 158.85 130.072) (xy 158.85 130.747) (xy 158.9625 130.8595) (xy 159.225 130.861677) (xy 159.313215 130.852989)
        (xy 159.398041 130.827257) (xy 159.476216 130.785471) (xy 159.544737 130.729237) (xy 159.600971 130.660716) (xy 159.642757 130.582541)
        (xy 159.668489 130.497715) (xy 159.677177 130.4095) (xy 163.410823 130.4095) (xy 163.419511 130.497715) (xy 163.445243 130.582541)
        (xy 163.487029 130.660716) (xy 163.543263 130.729237) (xy 163.611784 130.785471) (xy 163.689959 130.827257) (xy 163.774785 130.852989)
        (xy 163.863 130.861677) (xy 164.1255 130.8595) (xy 164.238 130.747) (xy 164.238 130.072) (xy 164.438 130.072)
        (xy 164.438 130.747) (xy 164.5505 130.8595) (xy 164.813 130.861677) (xy 164.901215 130.852989) (xy 164.986041 130.827257)
        (xy 165.064216 130.785471) (xy 165.132737 130.729237) (xy 165.188971 130.660716) (xy 165.230757 130.582541) (xy 165.256489 130.497715)
        (xy 165.265177 130.4095) (xy 165.263 130.1845) (xy 165.1505 130.072) (xy 164.438 130.072) (xy 164.238 130.072)
        (xy 163.5255 130.072) (xy 163.413 130.1845) (xy 163.410823 130.4095) (xy 159.677177 130.4095) (xy 159.675 130.1845)
        (xy 159.5625 130.072) (xy 158.85 130.072) (xy 158.65 130.072) (xy 157.9375 130.072) (xy 157.825 130.1845)
        (xy 157.822823 130.4095) (xy 157.645177 130.4095) (xy 157.643 130.1845) (xy 157.5305 130.072) (xy 156.818 130.072)
        (xy 156.618 130.072) (xy 155.9055 130.072) (xy 155.793 130.1845) (xy 155.790823 130.4095) (xy 139.134879 130.4095)
        (xy 139.134 130.1925) (xy 139.0215 130.08) (xy 136.244 130.08) (xy 136.044 130.08) (xy 136.024 130.08)
        (xy 136.024 129.88) (xy 136.044 129.88) (xy 136.044 128.8925) (xy 136.244 128.8925) (xy 136.244 129.88)
        (xy 139.0215 129.88) (xy 139.134 129.7675) (xy 139.136177 129.23) (xy 139.127489 129.141785) (xy 139.101757 129.056959)
        (xy 139.059971 128.978784) (xy 139.003737 128.910263) (xy 138.935216 128.854029) (xy 138.927679 128.85) (xy 150.597823 128.85)
        (xy 150.606511 128.938215) (xy 150.632243 129.023041) (xy 150.674029 129.101216) (xy 150.730263 129.169737) (xy 150.798784 129.225971)
        (xy 150.876959 129.267757) (xy 150.961785 129.293489) (xy 151.05 129.302177) (xy 151.4375 129.3) (xy 151.55 129.1875)
        (xy 151.55 128.15) (xy 150.7125 128.15) (xy 150.6 128.2625) (xy 150.597823 128.85) (xy 138.927679 128.85)
        (xy 138.857041 128.812243) (xy 138.772215 128.786511) (xy 138.684 128.777823) (xy 136.3565 128.78) (xy 136.244 128.8925)
